Y
0 0 0 0 0 0 0 0 0 0 0 0 0 
0 9 1 2 3 2 1 1 1 1 1 1 0 
0 0 0 0 0 0 0 0 0 0 0 1 0 
0 8 1 1 16 1 0 5 6 1 0 1 0 
0 1 12 1 0 1 0 4 8 1 0 1 0 
0 0 16 0 0 1 0 0 0 16 0 1 0 
0 6 1 1 0 1 16 10 11 10 0 1 0 
0 1 13 1 0 1 0 0 0 0 0 1 0 
0 0 16 0 0 1 1 1 1 1 1 1 0 
0 1 1 1 0 0 16 0 0 0 16 0 0 
0 8 1 6 0 6 1 6 0 1 10 1 0 
0 8 1 6 0 1 18 1 0 2 14 2 0 
0 0 0 0 0 0 0 0 0 0 0 0 0 
0 0 0 0 0 0 0 0 0 0 0 0 0 
0 9 1 2 3 2 1 1 1 1 1 1 0 
0 0 0 0 0 0 0 0 0 0 0 1 0 
0 8 1 1 16 1 0 5 6 1 0 1 0 
0 1 12 1 0 1 0 4 8 1 0 1 0 
0 0 16 0 0 1 0 0 0 16 0 1 0 
0 6 1 1 0 1 16 10 11 10 0 1 0 
0 1 13 1 0 1 0 0 0 0 0 1 0 
0 0 16 0 0 1 1 1 1 1 1 1 0 
0 1 1 1 0 0 16 0 0 0 16 0 0 
0 8 1 6 0 6 1 6 0 1 10 1 0 
0 8 1 6 0 1 18 1 0 2 14 2 0 
0 0 0 0 0 0 0 0 0 0 0 0 0 
0 0 0 0 0 0 0 0 0 0 0 0 0 
0 7 4 0 7 14 7 0 1 0 1 8 0 
0 1 8 0 14 7 14 0 1 17 10 1 0 
0 11 1 0 7 6 7 0 1 0 0 0 0 
0 17 0 0 0 1 0 0 1 0 1 1 0 
0 1 1 10 1 1 1 2 1 1 1 1 0 
0 17 0 0 1 1 1 0 1 0 0 0 0 
0 12 1 0 0 1 0 0 1 0 1 8 0 
0 1 7 0 1 1 1 0 1 17 11 7 0 
0 8 5 0 1 1 1 0 1 0 0 0 0 
0 0 0 0 0 1 0 0 3 0 1 1 0 
0 15 18 1 1 1 1 0 1 17 1 9 0 
0 0 0 0 0 0 0 0 0 0 0 0 0 
0 0 0 0 0 0 0 0 0 0 0 0 0 
0 19 3 7 0 8 8 8 0 0 0 0 0 
0 3 7 1 0 1 1 1 0 1 10 1 0 
0 7 12 1 0 0 17 0 0 1 0 1 0 
0 0 17 0 0 1 12 1 0 7 0 3 0 
0 1 1 1 0 0 0 1 0 7 0 10 0 
0 2 0 1 10 3 10 1 0 7 0 3 0 
0 2 0 0 10 1 0 1 1 1 0 1 0 
0 1 1 1 1 1 0 0 17 0 0 1 0 
0 0 0 0 0 10 0 3 1 3 0 1 0 
0 0 1 1 1 1 0 4 10 7 0 1 0 
0 15 18 0 0 0 0 5 14 7 0 9 0 
0 0 0 0 0 0 0 0 0 0 0 0 0 
0 0 0 0 0 0 0 0 0 0 0 0 0 
0 1 1 12 17 1 15 1 17 2 1 8 0 
0 1 7 1 0 1 18 1 0 1 2 1 0 
0 13 0 0 0 0 16 0 0 0 0 1 0 
0 1 7 1 0 7 1 7 17 17 1 1 0 
0 4 1 10 17 1 5 1 0 0 0 0 0 
0 0 0 0 0 0 0 3 0 1 1 13 0 
0 7 0 17 13 7 0 1 0 20 0 1 0 
0 13 1 0 1 1 0 1 0 0 0 17 0 
0 17 0 0 0 17 0 1 0 7 1 11 0 
0 1 8 0 1 12 0 10 0 1 12 1 0 
0 9 1 16 1 1 17 1 17 11 1 8 0 
0 0 0 0 0 0 0 0 0 0 0 0 0 
0 0 0 0 0 0 0 0 0 0 0 0 0 
0 0 0 0 0 0 0 0 0 0 0 0 0 
0 0 0 0 0 0 0 0 0 0 0 0 0 
0 0 0 0 0 0 21 0 0 0 0 0 0 
0 0 0 0 0 1 1 1 0 0 0 0 0 
0 0 0 0 0 14 1 14 0 0 0 0 0 
0 0 0 0 8 19 22 20 8 0 0 0 0 
0 0 0 0 8 1 21 1 8 0 0 0 0 
0 0 0 0 0 1 1 1 0 0 0 0 0 
0 0 0 0 0 1 1 1 0 0 0 0 0 
0 0 0 0 0 0 18 0 0 0 0 0 0 
0 0 0 0 0 0 15 0 0 0 0 0 0 
0 0 0 0 0 0 0 0 0 0 0 0 0 

0 0
0 0
0 0
2 200
1